connected. servos [+37.50, -29.90, +52.60, -5.90, -13.90, +2.60, +40.90] deg  power=True enable=True error=0
joints now   [+37.50, -29.90, +52.60, -5.90, -13.90, +2.60] deg
park target  [+2.60, -89.90, +89.90, -3.10, +4.70, +2.60] deg
    0 cmd [+34.6, -34.9, +55.7, -5.7, -12.3, +2.6] worst 60.00 deg
    1 cmd [+34.3, -35.4, +56.1, -5.5, -11.7, +2.6] worst 59.50 deg
    2 cmd [+32.8, -36.7, +57.6, -5.5, -10.6, +2.6] worst 58.20 deg
    3 cmd [+31.7, -38.2, +58.8, -5.2, -10.4, +2.6] worst 56.70 deg
    4 cmd [+31.4, -39.3, +59.4, -5.2, -9.8, +2.6] worst 55.60 deg
    5 cmd [+31.2, -40.3, +59.6, -5.1, -9.5, +2.6] worst 54.60 deg
    6 cmd [+31.2, -40.3, +59.6, -5.1, -9.5, +2.6] worst 54.60 deg
    7 cmd [+31.2, -40.3, +59.6, -4.9, -8.7, +2.6] worst 54.60 deg
    8 cmd [+28.9, -43.2, +62.2, -4.9, -8.7, +2.6] worst 51.70 deg
    9 cmd [+28.8, -43.4, +62.4, -4.9, -8.3, +2.6] worst 51.50 deg
   10 cmd [+28.4, -44.8, +62.9, -4.9, -7.6, +2.5] worst 50.10 deg
   11 cmd [+28.3, -45.0, +62.9, -4.9, -7.6, +2.6] worst 49.90 deg
   12 cmd [+27.8, -45.9, +63.3, -4.7, -7.0, +2.6] worst 49.00 deg
   13 cmd [+26.5, -47.2, +64.8, -4.7, -6.8, +2.6] worst 47.70 deg
   14 cmd [+26.2, -48.1, +65.4, -4.8, -6.5, +2.6] worst 46.80 deg
   15 cmd [+25.6, -48.8, +65.8, -4.8, -5.9, +2.6] worst 46.10 deg
   16 cmd [+25.7, -49.4, +66.1, -4.8, -5.9, +2.6] worst 45.50 deg
   17 cmd [+25.7, -49.4, +66.1, -4.8, -5.9, +2.6] worst 44.50 deg
   18 cmd [+25.1, -50.4, +66.6, -4.4, -5.4, +2.6] worst 44.50 deg
   19 cmd [+25.1, -50.4, +66.6, -4.4, -5.4, +2.6] worst 43.90 deg
   20 cmd [+24.9, -51.1, +66.7, -4.4, -5.2, +2.6] worst 43.80 deg
   21 cmd [+23.7, -52.3, +67.8, -4.4, -4.3, +2.6] worst 42.60 deg
   22 cmd [+22.7, -53.4, +68.6, -4.4, -4.2, +2.6] worst 41.50 deg
   23 cmd [+22.8, -54.0, +69.3, -4.4, -4.2, +2.6] worst 40.90 deg
   24 cmd [+22.8, -54.0, +69.3, -4.4, -4.2, +2.6] worst 40.10 deg
   25 cmd [+22.6, -54.8, +69.7, -4.4, -4.1, +2.6] worst 40.10 deg
   26 cmd [+22.4, -55.6, +69.7, -4.2, -3.8, +2.6] worst 39.30 deg
   27 cmd [+22.1, -55.8, +70.0, -4.2, -3.4, +2.6] worst 39.10 deg
   28 cmd [+21.0, -57.0, +71.2, -4.2, -2.8, +2.5] worst 37.90 deg
   29 cmd [+20.1, -58.1, +71.9, -4.2, -2.6, +2.6] worst 36.80 deg
   30 cmd [+19.9, -58.6, +72.4, -4.2, -2.5, +2.6] worst 36.30 deg
   31 cmd [+19.9, -59.5, +72.8, -4.2, -2.5, +2.6] worst 35.40 deg
   32 cmd [+19.9, -60.2, +72.9, -4.0, -2.1, +2.6] worst 34.70 deg
   33 cmd [+19.2, -60.8, +73.1, -4.0, -1.8, +2.6] worst 34.10 deg
   34 cmd [+18.7, -61.7, +73.8, -4.0, -1.3, +2.6] worst 33.20 deg
   35 cmd [+17.9, -62.3, +74.5, -4.0, -1.3, +2.6] worst 32.60 deg
   36 cmd [+17.3, -63.2, +75.0, -4.0, -1.1, +2.6] worst 31.70 deg
   37 cmd [+17.3, -63.2, +75.0, -4.0, -1.1, +2.6] worst 31.10 deg
   38 cmd [+17.2, -63.8, +75.6, -4.0, -1.1, +2.6] worst 31.10 deg
   39 cmd [+16.4, -65.0, +76.3, -3.9, -0.1, +2.6] worst 29.90 deg
   40 cmd [+16.1, -66.0, +76.8, -3.8, -0.0, +2.6] worst 28.90 deg
   41 cmd [+15.3, -66.8, +77.4, -3.8, +0.0, +2.6] worst 28.10 deg
   42 cmd [+14.9, -67.7, +77.7, -3.8, +0.2, +2.6] worst 27.20 deg
   43 cmd [+14.5, -68.6, +78.1, -3.8, +0.2, +2.6] worst 26.30 deg
   44 cmd [+13.8, -69.4, +78.9, -3.7, +1.0, +2.6] worst 25.50 deg
   45 cmd [+13.5, -70.5, +79.4, -3.7, +1.1, +2.6] worst 24.40 deg
   46 cmd [+13.1, -70.9, +80.0, -3.5, +1.1, +2.6] worst 24.00 deg
   47 cmd [+12.5, -72.0, +80.5, -3.6, +1.4, +2.6] worst 22.90 deg
   48 cmd [+12.1, -72.8, +80.8, -3.5, +1.4, +2.6] worst 22.10 deg
   49 cmd [+11.6, -73.7, +81.3, -3.5, +1.9, +2.6] worst 21.20 deg
   50 cmd [+10.9, -74.7, +82.0, -3.6, +2.2, +2.6] worst 20.20 deg
   51 cmd [+10.9, -74.7, +82.0, -3.6, +2.2, +2.6] worst 19.40 deg
   52 cmd [+10.5, -75.5, +82.1, -3.6, +2.2, +2.6] worst 19.40 deg
   53 cmd [+10.2, -76.4, +82.9, -3.2, +2.4, +2.6] worst 18.50 deg
   54 cmd [+9.3, -77.1, +83.4, -3.2, +2.9, +2.6] worst 17.80 deg
   55 cmd [+8.9, -78.4, +84.1, -3.2, +3.2, +2.6] worst 16.50 deg
   56 cmd [+8.1, -79.1, +84.7, -3.4, +3.2, +2.6] worst 15.80 deg
   57 cmd [+8.0, -79.8, +84.8, -3.3, +3.2, +2.5] worst 15.10 deg
   58 cmd [+7.7, -80.7, +85.2, -3.0, +3.3, +2.6] worst 14.20 deg
   59 cmd [+7.2, -81.5, +85.6, -3.0, +3.7, +2.6] worst 13.40 deg
   60 cmd [+6.5, -82.5, +86.3, -3.2, +3.9, +2.6] worst 12.40 deg
   61 cmd [+6.0, -83.6, +86.9, -3.3, +3.9, +2.6] worst 11.30 deg
   62 cmd [+6.0, -83.6, +86.9, -3.3, +3.9, +2.6] worst 10.60 deg
   63 cmd [+5.6, -84.3, +87.4, -3.3, +4.0, +2.6] worst 10.60 deg
   64 cmd [+4.9, -85.2, +87.7, -3.1, +4.3, +2.6] worst  9.70 deg
   65 cmd [+4.3, -86.3, +88.6, -3.1, +4.4, +2.6] worst  8.60 deg
   66 cmd [+3.8, -87.3, +88.9, -3.0, +4.5, +2.6] worst  7.60 deg
   67 cmd [+3.6, -88.0, +89.1, -3.1, +4.5, +2.6] worst  6.90 deg
   68 cmd [+3.2, -88.8, +89.4, -3.1, +4.6, +2.6] worst  6.10 deg
   69 cmd [+2.8, -89.5, +89.7, -3.1, +4.7, +2.6] worst  5.40 deg
   70 cmd [+2.6, -89.9, +89.9, -3.1, +4.7, +2.6] worst  4.40 deg
   71 cmd [+2.6, -89.9, +89.9, -3.1, +4.7, +2.6] worst  3.50 deg
   72 cmd [+2.6, -89.9, +89.9, -3.1, +4.7, +2.6] worst  2.60 deg
   73 cmd [+2.6, -89.9, +89.9, -3.1, +4.7, +2.6] worst  1.80 deg
   74 cmd [+2.6, -89.9, +89.9, -3.1, +4.7, +2.6] worst  1.00 deg
   75 cmd [+2.6, -89.9, +89.9, -3.1, +4.7, +2.6] worst  0.40 deg

76 steps, worst joint error 0.40 deg (reached)
arm left holding position (not released). `release` drops torque and an extended arm will fall.
