connected. servos [-37.30, -29.90, +52.60, -7.00, -14.00, +2.50, +40.90] deg  power=True enable=True error=0
joints now   [-37.30, -29.90, +52.60, -7.00, -14.00, +2.50] deg
park target  [+3.10, -89.90, +89.90, -2.90, +5.00, +2.50] deg
    0 cmd [-33.9, -34.9, +55.7, -6.7, -12.4, +2.5] worst 60.00 deg
    1 cmd [-33.9, -34.9, +55.7, -6.5, -12.4, +2.5] worst 60.00 deg
    2 cmd [-32.8, -36.1, +56.8, -6.3, -10.9, +2.5] worst 58.80 deg
    3 cmd [-31.5, -37.2, +58.3, -6.3, -10.4, +2.5] worst 57.70 deg
    4 cmd [-30.6, -38.3, +59.1, -6.2, -10.4, +2.5] worst 56.60 deg
    5 cmd [-30.7, -39.4, +59.1, -6.1, -10.4, +2.5] worst 55.50 deg
    6 cmd [-30.3, -40.2, +59.4, -6.0, -9.9, +2.5] worst 54.70 deg
    7 cmd [-29.4, -40.8, +60.2, -5.8, -9.0, +2.5] worst 54.10 deg
    8 cmd [-28.6, -41.6, +60.8, -5.8, -8.6, +2.5] worst 53.30 deg
    9 cmd [-27.9, -42.7, +61.5, -5.8, -8.7, +2.5] worst 52.20 deg
   10 cmd [-27.4, -43.4, +62.2, -5.8, -8.5, +2.5] worst 51.50 deg
   11 cmd [-27.4, -44.1, +62.5, -5.6, -8.2, +2.5] worst 50.80 deg
   12 cmd [-26.8, -45.0, +62.7, -5.6, -7.4, +2.5] worst 49.90 deg
   13 cmd [-26.0, -45.8, +63.7, -5.5, -6.9, +2.5] worst 49.10 deg
   14 cmd [-25.3, -46.6, +64.3, -5.4, -6.8, +2.5] worst 48.30 deg
   15 cmd [-24.6, -47.6, +65.0, -5.2, -6.8, +2.5] worst 47.30 deg
   16 cmd [-24.1, -48.3, +65.4, -5.4, -6.5, +2.5] worst 46.60 deg
   17 cmd [-24.0, -49.0, +65.8, -5.2, -6.1, +2.5] worst 45.90 deg
   18 cmd [-22.9, -50.3, +66.6, -5.0, -5.1, +2.5] worst 44.60 deg
   19 cmd [-22.3, -51.2, +67.3, -5.0, -5.1, +2.5] worst 43.70 deg
   20 cmd [-21.6, -52.1, +67.9, -4.9, -5.1, +2.5] worst 42.80 deg
   21 cmd [-21.0, -53.1, +68.5, -4.9, -4.8, +2.5] worst 41.80 deg
   22 cmd [-21.0, -53.1, +68.5, -4.9, -4.8, +2.5] worst 41.50 deg
   23 cmd [-20.6, -53.4, +68.9, -5.0, -4.5, +2.5] worst 41.50 deg
   24 cmd [-20.5, -54.2, +69.0, -4.9, -4.4, +2.5] worst 40.70 deg
   25 cmd [-20.4, -54.3, +69.1, -4.7, -4.0, +2.5] worst 40.60 deg
   26 cmd [-19.2, -55.8, +70.3, -4.6, -3.4, +2.5] worst 39.10 deg
   27 cmd [-18.4, -56.8, +71.1, -4.6, -3.2, +2.5] worst 38.10 deg
   28 cmd [-17.9, -57.6, +71.6, -4.6, -3.1, +2.5] worst 37.30 deg
   29 cmd [-17.6, -58.2, +71.8, -4.6, -2.8, +2.5] worst 36.70 deg
   30 cmd [-17.1, -58.8, +72.1, -4.6, -2.8, +2.5] worst 36.10 deg
   31 cmd [-17.1, -59.5, +72.2, -4.4, -2.3, +2.5] worst 35.40 deg
   32 cmd [-15.9, -60.4, +73.1, -4.3, -1.8, +2.5] worst 34.50 deg
   33 cmd [-15.6, -61.0, +73.8, -4.4, -1.6, +2.5] worst 33.90 deg
   34 cmd [-14.9, -62.0, +74.4, -4.3, -1.4, +2.5] worst 32.90 deg
   35 cmd [-14.6, -62.7, +74.8, -4.3, -1.2, +2.5] worst 32.20 deg
   36 cmd [-14.6, -62.7, +74.8, -4.3, -1.2, +2.5] worst 32.20 deg
   37 cmd [-14.6, -62.7, +74.8, -4.3, -1.2, +2.5] worst 32.20 deg
   38 cmd [-13.2, -64.4, +75.7, -4.1, -0.3, +2.5] worst 30.50 deg
   39 cmd [-12.5, -65.2, +76.5, -4.2, -0.1, +2.5] worst 29.70 deg
   40 cmd [-12.1, -66.2, +77.1, -4.1, -0.0, +2.5] worst 28.70 deg
   41 cmd [-11.5, -66.8, +77.4, -4.1, +0.1, +2.5] worst 28.10 deg
   42 cmd [-11.5, -67.7, +77.8, -4.1, +0.2, +2.5] worst 27.20 deg
   43 cmd [-11.2, -68.1, +77.9, -3.9, +0.6, +2.5] worst 26.80 deg
   44 cmd [-10.3, -69.1, +78.5, -3.7, +1.1, +2.5] worst 25.80 deg
   45 cmd [-9.5, -69.9, +79.3, -3.8, +1.2, +2.5] worst 25.00 deg
   46 cmd [-9.5, -69.9, +79.3, -3.8, +1.2, +2.5] worst 22.90 deg
   47 cmd [-8.4, -72.0, +80.6, -3.7, +1.3, +2.5] worst 22.90 deg
   48 cmd [-8.3, -72.5, +80.7, -3.7, +1.6, +2.5] worst 22.40 deg
   49 cmd [-7.8, -73.4, +81.1, -3.6, +2.0, +2.5] worst 21.50 deg
   50 cmd [-7.1, -74.2, +81.7, -3.4, +2.4, +2.5] worst 20.70 deg
   51 cmd [-6.5, -75.0, +82.1, -3.4, +2.4, +2.5] worst 19.90 deg
   52 cmd [-5.6, -76.0, +82.8, -3.4, +2.4, +2.5] worst 18.90 deg
   53 cmd [-5.0, -77.1, +83.4, -3.3, +2.7, +2.5] worst 17.80 deg
   54 cmd [-5.0, -77.1, +83.4, -3.3, +2.7, +2.5] worst 17.10 deg
   55 cmd [-4.5, -77.8, +83.7, -3.2, +3.1, +2.5] worst 17.10 deg
   56 cmd [-4.3, -78.6, +84.0, -3.4, +3.1, +2.5] worst 16.30 deg
   57 cmd [-4.1, -78.8, +84.2, -3.3, +3.4, +2.5] worst 16.10 deg
   58 cmd [-3.0, -80.1, +85.4, -3.1, +3.6, +2.5] worst 14.80 deg
   59 cmd [-2.4, -81.2, +85.8, -3.1, +3.7, +2.5] worst 13.70 deg
   60 cmd [-1.9, -81.9, +86.1, -3.1, +3.7, +2.5] worst 13.00 deg
   61 cmd [-1.1, -83.3, +86.8, -3.1, +4.0, +2.5] worst 11.60 deg
   62 cmd [-0.9, -84.0, +86.9, -2.9, +4.2, +2.5] worst 10.90 deg
   63 cmd [-0.0, -84.8, +87.7, -3.0, +4.4, +2.5] worst 10.10 deg
   64 cmd [+0.5, -85.6, +88.0, -2.9, +4.5, +2.5] worst  9.30 deg
   65 cmd [+0.8, -86.2, +88.2, -2.9, +4.5, +2.5] worst  8.70 deg
   66 cmd [+1.4, -87.1, +88.6, -2.9, +4.8, +2.5] worst  7.80 deg
   67 cmd [+2.0, -88.1, +89.1, -2.9, +4.8, +2.5] worst  6.80 deg
   68 cmd [+2.4, -88.9, +89.4, -2.9, +4.9, +2.5] worst  6.00 deg
   69 cmd [+3.0, -89.8, +89.9, -2.9, +5.0, +2.5] worst  5.10 deg
   70 cmd [+3.1, -89.9, +89.9, -2.9, +5.0, +2.5] worst  4.60 deg
   71 cmd [+3.1, -89.9, +89.9, -2.9, +5.0, +2.5] worst  3.80 deg
   72 cmd [+3.1, -89.9, +89.9, -2.9, +5.0, +2.5] worst  2.90 deg
   73 cmd [+3.1, -89.9, +89.9, -2.9, +5.0, +2.5] worst  2.90 deg
   74 cmd [+3.1, -89.9, +89.9, -2.9, +5.0, +2.5] worst  2.90 deg
   75 cmd [+3.1, -89.9, +89.9, -2.9, +5.0, +2.5] worst  1.10 deg
   76 cmd [+3.1, -89.9, +89.9, -2.9, +5.0, +2.5] worst  0.50 deg

77 steps, worst joint error 0.50 deg (reached)
arm left holding position (not released). `release` drops torque and an extended arm will fall.
