connected. servos [+19.60, -90.90, +92.80, -1.20, +0.30, +3.30, +40.90] deg  power=True enable=False error=0
joints now   [+19.60, -90.90, +92.80, -1.20, +0.30, +3.30] deg
park target  [+2.50, -89.90, +89.90, -3.20, +4.50, +2.80] deg
    0 cmd [+14.6, -90.6, +92.0, -1.8, +1.5, +3.1] worst 17.10 deg
    1 cmd [+14.2, -90.5, +91.7, -1.9, +1.9, +3.1] worst 16.70 deg
    2 cmd [+12.9, -90.3, +91.0, -2.0, +2.7, +3.1] worst 15.40 deg
    3 cmd [+11.4, -90.2, +90.2, -2.2, +2.8, +3.1] worst 13.90 deg
    4 cmd [+10.2, -90.2, +90.2, -2.4, +3.1, +3.0] worst 12.70 deg
    5 cmd [+9.7, -90.2, +90.2, -2.3, +3.2, +3.0] worst 12.20 deg
    6 cmd [+8.9, -90.2, +90.2, -2.4, +3.6, +3.0] worst 11.40 deg
    7 cmd [+7.9, -90.2, +90.2, -2.5, +3.7, +3.0] worst 10.40 deg
    8 cmd [+7.0, -90.1, +90.1, -2.6, +3.7, +3.0] worst  9.50 deg
    9 cmd [+6.3, -90.1, +90.1, -2.8, +4.0, +3.0] worst  8.80 deg
   10 cmd [+5.5, -90.1, +90.1, -2.9, +4.0, +3.0] worst  8.00 deg
   11 cmd [+4.9, -90.1, +90.1, -2.8, +4.2, +2.9] worst  7.40 deg
   12 cmd [+4.1, -90.0, +90.0, -3.0, +4.3, +2.9] worst  6.60 deg
   13 cmd [+3.3, -90.0, +90.0, -3.1, +4.4, +2.9] worst  5.80 deg
   14 cmd [+3.3, -90.0, +90.0, -3.1, +4.4, +2.9] worst  5.80 deg
   15 cmd [+3.3, -90.0, +90.0, -3.1, +4.4, +2.8] worst  5.80 deg
   16 cmd [+2.5, -89.9, +89.9, -3.2, +4.5, +2.8] worst  4.20 deg
   17 cmd [+2.5, -89.9, +89.9, -3.2, +4.5, +2.8] worst  3.60 deg
   18 cmd [+2.5, -89.9, +89.9, -3.2, +4.5, +2.8] worst  2.80 deg
   19 cmd [+2.5, -89.9, +89.9, -3.2, +4.5, +2.8] worst  2.00 deg
   20 cmd [+2.5, -89.9, +89.9, -3.2, +4.5, +2.8] worst  1.40 deg
   21 cmd [+2.5, -89.9, +89.9, -3.2, +4.5, +2.8] worst  0.80 deg
   22 cmd [+2.5, -89.9, +89.9, -3.2, +4.5, +2.8] worst  0.50 deg
   23 cmd [+2.5, -89.9, +89.9, -3.2, +4.5, +2.8] worst  0.50 deg
   24 cmd [+2.5, -89.9, +89.9, -3.2, +4.5, +2.8] worst  0.50 deg
   25 cmd [+2.5, -89.9, +89.9, -3.2, +4.5, +2.8] worst  0.50 deg
   26 cmd [+2.5, -89.9, +89.9, -3.2, +4.5, +2.8] worst  0.50 deg
   27 cmd [+2.5, -89.9, +89.9, -3.2, +4.5, +2.8] worst  0.50 deg
   28 cmd [+2.5, -89.9, +89.9, -3.2, +4.5, +2.8] worst  0.50 deg
   29 cmd [+2.5, -89.9, +89.9, -3.2, +4.5, +2.8] worst  0.50 deg
   30 cmd [+2.5, -89.9, +89.9, -3.2, +4.5, +2.8] worst  0.50 deg
   31 cmd [+2.5, -89.9, +89.9, -3.2, +4.5, +2.8] worst  0.50 deg
   32 cmd [+2.5, -89.9, +89.9, -3.2, +4.5, +2.8] worst  0.50 deg
   33 cmd [+2.5, -89.9, +89.9, -3.2, +4.5, +2.8] worst  0.50 deg
   34 cmd [+2.5, -89.9, +89.9, -3.2, +4.5, +2.8] worst  0.50 deg
   35 cmd [+2.5, -89.9, +89.9, -3.2, +4.5, +2.8] worst  0.50 deg
   36 cmd [+2.5, -89.9, +89.9, -3.2, +4.5, +2.8] worst  0.50 deg
   37 cmd [+2.5, -89.9, +89.9, -3.2, +4.5, +2.8] worst  0.50 deg
   38 cmd [+2.5, -89.9, +89.9, -3.2, +4.5, +2.8] worst  0.50 deg
   39 cmd [+2.5, -89.9, +89.9, -3.2, +4.5, +2.8] worst  0.50 deg
   40 cmd [+2.5, -89.9, +89.9, -3.2, +4.5, +2.8] worst  0.50 deg
   41 cmd [+2.5, -89.9, +89.9, -3.2, +4.5, +2.8] worst  0.50 deg
   42 cmd [+2.5, -89.9, +89.9, -3.2, +4.5, +2.8] worst  0.50 deg
   43 cmd [+2.5, -89.9, +89.9, -3.2, +4.5, +2.8] worst  0.50 deg
   44 cmd [+2.5, -89.9, +89.9, -3.2, +4.5, +2.8] worst  0.50 deg
   45 cmd [+2.5, -89.9, +89.9, -3.2, +4.5, +2.8] worst  0.50 deg
   46 cmd [+2.5, -89.9, +89.9, -3.2, +4.5, +2.8] worst  0.50 deg
   47 cmd [+2.5, -89.9, +89.9, -3.2, +4.5, +2.8] worst  0.50 deg
   48 cmd [+2.5, -89.9, +89.9, -3.2, +4.5, +2.8] worst  0.50 deg
   49 cmd [+2.5, -89.9, +89.9, -3.2, +4.5, +2.8] worst  0.50 deg
   50 cmd [+2.5, -89.9, +89.9, -3.2, +4.5, +2.8] worst  0.50 deg
   51 cmd [+2.5, -89.9, +89.9, -3.2, +4.5, +2.8] worst  0.50 deg
   52 cmd [+2.5, -89.9, +89.9, -3.2, +4.5, +2.8] worst  0.50 deg
   53 cmd [+2.5, -89.9, +89.9, -3.2, +4.5, +2.8] worst  0.50 deg
   54 cmd [+2.5, -89.9, +89.9, -3.2, +4.5, +2.8] worst  0.50 deg
   55 cmd [+2.5, -89.9, +89.9, -3.2, +4.5, +2.8] worst  0.50 deg
   56 cmd [+2.5, -89.9, +89.9, -3.2, +4.5, +2.8] worst  0.50 deg
   57 cmd [+2.5, -89.9, +89.9, -3.2, +4.5, +2.8] worst  0.50 deg
   58 cmd [+2.5, -89.9, +89.9, -3.2, +4.5, +2.8] worst  0.50 deg
   59 cmd [+2.5, -89.9, +89.9, -3.2, +4.5, +2.8] worst  0.50 deg
   60 cmd [+2.5, -89.9, +89.9, -3.2, +4.5, +2.8] worst  0.50 deg
   61 cmd [+2.5, -89.9, +89.9, -3.2, +4.5, +2.8] worst  0.50 deg
   62 cmd [+2.5, -89.9, +89.9, -3.2, +4.5, +2.8] worst  0.50 deg
   63 cmd [+2.5, -89.9, +89.9, -3.2, +4.5, +2.8] worst  0.50 deg
   64 cmd [+2.5, -89.9, +89.9, -3.2, +4.5, +2.8] worst  0.50 deg
   65 cmd [+2.5, -89.9, +89.9, -3.2, +4.5, +2.8] worst  0.50 deg
   66 cmd [+2.5, -89.9, +89.9, -3.2, +4.5, +2.8] worst  0.50 deg
   67 cmd [+2.5, -89.9, +89.9, -3.2, +4.5, +2.8] worst  0.50 deg
   68 cmd [+2.5, -89.9, +89.9, -3.2, +4.5, +2.8] worst  0.50 deg
   69 cmd [+2.5, -89.9, +89.9, -3.2, +4.5, +2.8] worst  0.50 deg
   70 cmd [+2.5, -89.9, +89.9, -3.2, +4.5, +2.8] worst  0.50 deg
   71 cmd [+2.5, -89.9, +89.9, -3.2, +4.5, +2.8] worst  0.50 deg
   72 cmd [+2.5, -89.9, +89.9, -3.2, +4.5, +2.8] worst  0.50 deg
   73 cmd [+2.5, -89.9, +89.9, -3.2, +4.5, +2.8] worst  0.50 deg
   74 cmd [+2.5, -89.9, +89.9, -3.2, +4.5, +2.8] worst  0.50 deg
   75 cmd [+2.5, -89.9, +89.9, -3.2, +4.5, +2.8] worst  0.50 deg
   76 cmd [+2.5, -89.9, +89.9, -3.2, +4.5, +2.8] worst  0.50 deg
   77 cmd [+2.5, -89.9, +89.9, -3.2, +4.5, +2.8] worst  0.50 deg
   78 cmd [+2.5, -89.9, +89.9, -3.2, +4.5, +2.8] worst  0.50 deg
   79 cmd [+2.5, -89.9, +89.9, -3.2, +4.5, +2.8] worst  0.50 deg
   80 cmd [+2.5, -89.9, +89.9, -3.2, +4.5, +2.8] worst  0.50 deg
   81 cmd [+2.5, -89.9, +89.9, -3.2, +4.5, +2.8] worst  0.50 deg
   82 cmd [+2.5, -89.9, +89.9, -3.2, +4.5, +2.8] worst  0.50 deg
   83 cmd [+2.5, -89.9, +89.9, -3.2, +4.5, +2.8] worst  0.50 deg
   84 cmd [+2.5, -89.9, +89.9, -3.2, +4.5, +2.8] worst  0.50 deg
   85 cmd [+2.5, -89.9, +89.9, -3.2, +4.5, +2.8] worst  0.50 deg
   86 cmd [+2.5, -89.9, +89.9, -3.2, +4.5, +2.8] worst  0.50 deg
   87 cmd [+2.5, -89.9, +89.9, -3.2, +4.5, +2.8] worst  0.50 deg
   88 cmd [+2.5, -89.9, +89.9, -3.2, +4.5, +2.8] worst  0.50 deg
   89 cmd [+2.5, -89.9, +89.9, -3.2, +4.5, +2.8] worst  0.50 deg
   90 cmd [+2.5, -89.9, +89.9, -3.2, +4.5, +2.8] worst  0.50 deg
   91 cmd [+2.5, -89.9, +89.9, -3.2, +4.5, +2.8] worst  0.50 deg
   92 cmd [+2.5, -89.9, +89.9, -3.2, +4.5, +2.8] worst  0.50 deg
   93 cmd [+2.5, -89.9, +89.9, -3.2, +4.5, +2.8] worst  0.50 deg
   94 cmd [+2.5, -89.9, +89.9, -3.2, +4.5, +2.8] worst  0.50 deg
   95 cmd [+2.5, -89.9, +89.9, -3.2, +4.5, +2.8] worst  0.50 deg
   96 cmd [+2.5, -89.9, +89.9, -3.2, +4.5, +2.8] worst  0.50 deg
   97 cmd [+2.5, -89.9, +89.9, -3.2, +4.5, +2.8] worst  0.50 deg
   98 cmd [+2.5, -89.9, +89.9, -3.2, +4.5, +2.8] worst  0.50 deg
   99 cmd [+2.5, -89.9, +89.9, -3.2, +4.5, +2.8] worst  0.50 deg
  100 cmd [+2.5, -89.9, +89.9, -3.2, +4.5, +2.8] worst  0.50 deg
  101 cmd [+2.5, -89.9, +89.9, -3.2, +4.5, +2.8] worst  0.50 deg
  102 cmd [+2.5, -89.9, +89.9, -3.2, +4.5, +2.8] worst  0.50 deg
  103 cmd [+2.5, -89.9, +89.9, -3.2, +4.5, +2.8] worst  0.50 deg
  104 cmd [+2.5, -89.9, +89.9, -3.2, +4.5, +2.8] worst  0.50 deg
  105 cmd [+2.5, -89.9, +89.9, -3.2, +4.5, +2.8] worst  0.50 deg
  106 cmd [+2.5, -89.9, +89.9, -3.2, +4.5, +2.8] worst  0.50 deg
  107 cmd [+2.5, -89.9, +89.9, -3.2, +4.5, +2.8] worst  0.50 deg
  108 cmd [+2.5, -89.9, +89.9, -3.2, +4.5, +2.8] worst  0.50 deg
  109 cmd [+2.5, -89.9, +89.9, -3.2, +4.5, +2.8] worst  0.50 deg
  110 cmd [+2.5, -89.9, +89.9, -3.2, +4.5, +2.8] worst  0.50 deg
  111 cmd [+2.5, -89.9, +89.9, -3.2, +4.5, +2.8] worst  0.50 deg
  112 cmd [+2.5, -89.9, +89.9, -3.2, +4.5, +2.8] worst  0.50 deg
  113 cmd [+2.5, -89.9, +89.9, -3.2, +4.5, +2.8] worst  0.50 deg
  114 cmd [+2.5, -89.9, +89.9, -3.2, +4.5, +2.8] worst  0.50 deg
  115 cmd [+2.5, -89.9, +89.9, -3.2, +4.5, +2.8] worst  0.50 deg
  116 cmd [+2.5, -89.9, +89.9, -3.2, +4.5, +2.8] worst  0.50 deg
  117 cmd [+2.5, -89.9, +89.9, -3.2, +4.5, +2.8] worst  0.50 deg
  118 cmd [+2.5, -89.9, +89.9, -3.2, +4.5, +2.8] worst  0.50 deg
  119 cmd [+2.5, -89.9, +89.9, -3.2, +4.5, +2.8] worst  0.50 deg
  120 cmd [+2.5, -89.9, +89.9, -3.2, +4.5, +2.8] worst  0.50 deg
  121 cmd [+2.5, -89.9, +89.9, -3.2, +4.5, +2.8] worst  0.50 deg
  122 cmd [+2.5, -89.9, +89.9, -3.2, +4.5, +2.8] worst  0.50 deg
  123 cmd [+2.5, -89.9, +89.9, -3.2, +4.5, +2.8] worst  0.50 deg
  124 cmd [+2.5, -89.9, +89.9, -3.2, +4.5, +2.8] worst  0.50 deg
  125 cmd [+2.5, -89.9, +89.9, -3.2, +4.5, +2.8] worst  0.50 deg
  126 cmd [+2.5, -89.9, +89.9, -3.2, +4.5, +2.8] worst  0.50 deg
  127 cmd [+2.5, -89.9, +89.9, -3.2, +4.5, +2.8] worst  0.50 deg
  128 cmd [+2.5, -89.9, +89.9, -3.2, +4.5, +2.8] worst  0.50 deg
  129 cmd [+2.5, -89.9, +89.9, -3.2, +4.5, +2.8] worst  0.50 deg
  130 cmd [+2.5, -89.9, +89.9, -3.2, +4.5, +2.8] worst  0.50 deg
  131 cmd [+2.5, -89.9, +89.9, -3.2, +4.5, +2.8] worst  0.50 deg
  132 cmd [+2.5, -89.9, +89.9, -3.2, +4.5, +2.8] worst  0.50 deg
  133 cmd [+2.5, -89.9, +89.9, -3.2, +4.5, +2.8] worst  0.50 deg
  134 cmd [+2.5, -89.9, +89.9, -3.2, +4.5, +2.8] worst  0.50 deg
  135 cmd [+2.5, -89.9, +89.9, -3.2, +4.5, +2.8] worst  0.50 deg
  136 cmd [+2.5, -89.9, +89.9, -3.2, +4.5, +2.8] worst  0.50 deg
  137 cmd [+2.5, -89.9, +89.9, -3.2, +4.5, +2.8] worst  0.50 deg
  138 cmd [+2.5, -89.9, +89.9, -3.2, +4.5, +2.8] worst  0.50 deg
  139 cmd [+2.5, -89.9, +89.9, -3.2, +4.5, +2.8] worst  0.50 deg
  140 cmd [+2.5, -89.9, +89.9, -3.2, +4.5, +2.8] worst  0.50 deg
  141 cmd [+2.5, -89.9, +89.9, -3.2, +4.5, +2.8] worst  0.50 deg
  142 cmd [+2.5, -89.9, +89.9, -3.2, +4.5, +2.8] worst  0.50 deg
  143 cmd [+2.5, -89.9, +89.9, -3.2, +4.5, +2.8] worst  0.50 deg
  144 cmd [+2.5, -89.9, +89.9, -3.2, +4.5, +2.8] worst  0.50 deg
  145 cmd [+2.5, -89.9, +89.9, -3.2, +4.5, +2.8] worst  0.50 deg
  146 cmd [+2.5, -89.9, +89.9, -3.2, +4.5, +2.8] worst  0.50 deg
  147 cmd [+2.5, -89.9, +89.9, -3.2, +4.5, +2.8] worst  0.50 deg
  148 cmd [+2.5, -89.9, +89.9, -3.2, +4.5, +2.8] worst  0.50 deg
  149 cmd [+2.5, -89.9, +89.9, -3.2, +4.5, +2.8] worst  0.50 deg
  150 cmd [+2.5, -89.9, +89.9, -3.2, +4.5, +2.8] worst  0.50 deg
  151 cmd [+2.5, -89.9, +89.9, -3.2, +4.5, +2.8] worst  0.50 deg
  152 cmd [+2.5, -89.9, +89.9, -3.2, +4.5, +2.8] worst  0.50 deg
  153 cmd [+2.5, -89.9, +89.9, -3.2, +4.5, +2.8] worst  0.50 deg
  154 cmd [+2.5, -89.9, +89.9, -3.2, +4.5, +2.8] worst  0.50 deg
  155 cmd [+2.5, -89.9, +89.9, -3.2, +4.5, +2.8] worst  0.50 deg
  156 cmd [+2.5, -89.9, +89.9, -3.2, +4.5, +2.8] worst  0.50 deg
  157 cmd [+2.5, -89.9, +89.9, -3.2, +4.5, +2.8] worst  0.50 deg
  158 cmd [+2.5, -89.9, +89.9, -3.2, +4.5, +2.8] worst  0.50 deg
  159 cmd [+2.5, -89.9, +89.9, -3.2, +4.5, +2.8] worst  0.50 deg
  160 cmd [+2.5, -89.9, +89.9, -3.2, +4.5, +2.8] worst  0.50 deg
  161 cmd [+2.5, -89.9, +89.9, -3.2, +4.5, +2.8] worst  0.50 deg
  162 cmd [+2.5, -89.9, +89.9, -3.2, +4.5, +2.8] worst  0.50 deg
  163 cmd [+2.5, -89.9, +89.9, -3.2, +4.5, +2.8] worst  0.50 deg
  164 cmd [+2.5, -89.9, +89.9, -3.2, +4.5, +2.8] worst  0.50 deg
  165 cmd [+2.5, -89.9, +89.9, -3.2, +4.5, +2.8] worst  0.50 deg
  166 cmd [+2.5, -89.9, +89.9, -3.2, +4.5, +2.8] worst  0.50 deg
  167 cmd [+2.5, -89.9, +89.9, -3.2, +4.5, +2.8] worst  0.50 deg
  168 cmd [+2.5, -89.9, +89.9, -3.2, +4.5, +2.8] worst  0.50 deg
  169 cmd [+2.5, -89.9, +89.9, -3.2, +4.5, +2.8] worst  0.50 deg
  170 cmd [+2.5, -89.9, +89.9, -3.2, +4.5, +2.8] worst  0.50 deg
  171 cmd [+2.5, -89.9, +89.9, -3.2, +4.5, +2.8] worst  0.50 deg
  172 cmd [+2.5, -89.9, +89.9, -3.2, +4.5, +2.8] worst  0.50 deg
  173 cmd [+2.5, -89.9, +89.9, -3.2, +4.5, +2.8] worst  0.50 deg
  174 cmd [+2.5, -89.9, +89.9, -3.2, +4.5, +2.8] worst  0.50 deg
  175 cmd [+2.5, -89.9, +89.9, -3.2, +4.5, +2.8] worst  0.50 deg
  176 cmd [+2.5, -89.9, +89.9, -3.2, +4.5, +2.8] worst  0.50 deg
  177 cmd [+2.5, -89.9, +89.9, -3.2, +4.5, +2.8] worst  0.50 deg
  178 cmd [+2.5, -89.9, +89.9, -3.2, +4.5, +2.8] worst  0.50 deg
  179 cmd [+2.5, -89.9, +89.9, -3.2, +4.5, +2.8] worst  0.50 deg
  180 cmd [+2.5, -89.9, +89.9, -3.2, +4.5, +2.8] worst  0.50 deg
  181 cmd [+2.5, -89.9, +89.9, -3.2, +4.5, +2.8] worst  0.50 deg
  182 cmd [+2.5, -89.9, +89.9, -3.2, +4.5, +2.8] worst  0.50 deg
  183 cmd [+2.5, -89.9, +89.9, -3.2, +4.5, +2.8] worst  0.50 deg
  184 cmd [+2.5, -89.9, +89.9, -3.2, +4.5, +2.8] worst  0.50 deg
  185 cmd [+2.5, -89.9, +89.9, -3.2, +4.5, +2.8] worst  0.50 deg
  186 cmd [+2.5, -89.9, +89.9, -3.2, +4.5, +2.8] worst  0.50 deg
  187 cmd [+2.5, -89.9, +89.9, -3.2, +4.5, +2.8] worst  0.50 deg
  188 cmd [+2.5, -89.9, +89.9, -3.2, +4.5, +2.8] worst  0.50 deg
  189 cmd [+2.5, -89.9, +89.9, -3.2, +4.5, +2.8] worst  0.50 deg
  190 cmd [+2.5, -89.9, +89.9, -3.2, +4.5, +2.8] worst  0.50 deg
  191 cmd [+2.5, -89.9, +89.9, -3.2, +4.5, +2.8] worst  0.50 deg
  192 cmd [+2.5, -89.9, +89.9, -3.2, +4.5, +2.8] worst  0.50 deg
  193 cmd [+2.5, -89.9, +89.9, -3.2, +4.5, +2.8] worst  0.50 deg
  194 cmd [+2.5, -89.9, +89.9, -3.2, +4.5, +2.8] worst  0.50 deg
  195 cmd [+2.5, -89.9, +89.9, -3.2, +4.5, +2.8] worst  0.50 deg
  196 cmd [+2.5, -89.9, +89.9, -3.2, +4.5, +2.8] worst  0.50 deg
  197 cmd [+2.5, -89.9, +89.9, -3.2, +4.5, +2.8] worst  0.50 deg
  198 cmd [+2.5, -89.9, +89.9, -3.2, +4.5, +2.8] worst  0.50 deg
  199 cmd [+2.5, -89.9, +89.9, -3.2, +4.5, +2.8] worst  0.50 deg

200 steps, worst joint error 0.50 deg (max_cycles)
motors released.
